LAT=63.430502
LON=10.395053
RADIUS=100